[{"uuid": "b78a4d64-ed22-59d6-a331-b22704008749", "Readings": [[1338491430000.0,   692.0],
 [1338491730000.0,  692.0],
 [1338491881000.0,  692.0],
 [1338492031000.0,  692.0],
 [1338492181000.0,  692.0],
 [1338492331000.0,  692.0],
 [1338492481000.0,  705.0],
 [1338492631000.0,  705.0],
 [1338492781000.0,  705.0],
 [1338492932000.0,  705.0],
 [1338493082000.0,  705.0],
 [1338493232000.0,  705.0],
 [1338493382000.0,  704.0],
 [1338493532000.0,  704.0],
 [1338493682000.0,  704.0],
 [1338493832000.0,  704.0],
 [1338493982000.0,  704.0],
 [1338494133000.0,  704.0],
 [1338494283000.0,  692.0],
 [1338494433000.0,  692.0],
 [1338494583000.0,  692.0],
 [1338494733000.0,  692.0],
 [1338494883000.0,  692.0],
 [1338495033000.0,  692.0],
 [1338495184000.0,  693.0],
 [1338495334000.0,  693.0],
 [1338495484000.0,  693.0],
 [1338495634000.0,  693.0],
 [1338495784000.0,  693.0],
 [1338495934000.0,  693.0],
 [1338496084000.0,  696.0],
 [1338496234000.0,  696.0],
 [1338496385000.0,  696.0],
 [1338496535000.0,  696.0],
 [1338496685000.0,  696.0],
 [1338496835000.0,  696.0],
 [1338496985000.0,  723.0],
 [1338497135000.0,  723.0],
 [1338497285000.0,  723.0],
 [1338497435000.0,  723.0],
 [1338497586000.0,  723.0],
 [1338497736000.0,  723.0],
 [1338497886000.0,  723.0],
 [1338498036000.0,  723.0],
 [1338498186000.0,  723.0],
 [1338498336000.0,  723.0],
 [1338498486000.0,  723.0],
 [1338498636000.0,  723.0],
 [1338498787000.0,  731.0],
 [1338498937000.0,  731.0],
 [1338499087000.0,  731.0],
 [1338499237000.0,  731.0],
 [1338499387000.0,  731.0],
 [1338499537000.0,  731.0],
 [1338499687000.0,  700.0],
 [1338499838000.0,  700.0],
 [1338499988000.0,  700.0],
 [1338500138000.0,  700.0],
 [1338500288000.0,  700.0],
 [1338500438000.0,  700.0],
 [1338500588000.0,  699.0],
 [1338500738000.0,  699.0],
 [1338500888000.0,  699.0],
 [1338501039000.0,  699.0],
 [1338501189000.0,  699.0],
 [1338501339000.0,  699.0],
 [1338501489000.0,  709.0],
 [1338501639000.0,  709.0],
 [1338501789000.0,  709.0],
 [1338501939000.0,  709.0],
 [1338502090000.0,  709.0],
 [1338502240000.0,  709.0],
 [1338502390000.0,  724.0],
 [1338502540000.0,  724.0],
 [1338502690000.0,  724.0],
 [1338502840000.0,  724.0],
 [1338502990000.0,  724.0],
 [1338503140000.0,  724.0],
 [1338503291000.0,  718.0],
 [1338503441000.0,  718.0],
 [1338503591000.0,  718.0],
 [1338503741000.0,  718.0],
 [1338503891000.0,  718.0],
 [1338504041000.0,  718.0],
 [1338504191000.0,  699.0],
 [1338504341000.0,  699.0],
 [1338504492000.0,  699.0],
 [1338504642000.0,  699.0],
 [1338504792000.0,  699.0],
 [1338504942000.0,  699.0],
 [1338505092000.0,  697.0],
 [1338505243000.0,  697.0],
 [1338505393000.0,  697.0],
 [1338505543000.0,  697.0],
 [1338505693000.0,  697.0],
 [1338505843000.0,  697.0],
 [1338505993000.0,  689.0],
 [1338506143000.0,  689.0],
 [1338506293000.0,  689.0],
 [1338506443000.0,  689.0],
 [1338506594000.0,  689.0],
 [1338506744000.0,  689.0],
 [1338506894000.0,  700.0],
 [1338507044000.0,  700.0],
 [1338507194000.0,  700.0],
 [1338507344000.0,  700.0],
 [1338507494000.0,  700.0],
 [1338507645000.0,  700.0],
 [1338507795000.0,  692.0],
 [1338507945000.0,  692.0],
 [1338508095000.0,  692.0],
 [1338508245000.0,  692.0],
 [1338508395000.0,  692.0],
 [1338508545000.0,  692.0],
 [1338508695000.0,  691.0],
 [1338508846000.0,  691.0],
 [1338508997000.0,  691.0],
 [1338509147000.0,  691.0],
 [1338509297000.0,  691.0],
 [1338509447000.0,  691.0],
 [1338509597000.0,  671.0],
 [1338509747000.0,  671.0],
 [1338509897000.0,  671.0],
 [1338510047000.0,  671.0],
 [1338510197000.0,  671.0],
 [1338510347000.0,  671.0],
 [1338510497000.0,  667.0],
 [1338510647000.0,  667.0],
 [1338510797000.0,  667.0],
 [1338510947000.0,  667.0],
 [1338511098000.0,  667.0],
 [1338511248000.0,  667.0],
 [1338511398000.0,  672.0],
 [1338511548000.0,  672.0],
 [1338511698000.0,  672.0],
 [1338511848000.0,  672.0],
 [1338511998000.0,  672.0],
 [1338512148000.0,  672.0],
 [1338512299000.0,  654.0],
 [1338512449000.0,  654.0],
 [1338512599000.0,  654.0],
 [1338512749000.0,  654.0],
 [1338512899000.0,  654.0],
 [1338513049000.0,  654.0],
 [1338513199000.0,  647.0],
 [1338513349000.0,  647.0],
 [1338513499000.0,  647.0],
 [1338513650000.0,  647.0],
 [1338513799000.0,  647.0],
 [1338513950000.0,  647.0],
 [1338514100000.0,  640.0],
 [1338514250000.0,  640.0],
 [1338514400000.0,  640.0],
 [1338514551000.0,  640.0],
 [1338514701000.0,  640.0],
 [1338514851000.0,  640.0],
 [1338515001000.0,  631.0],
 [1338515151000.0,  631.0],
 [1338515301000.0,  631.0],
 [1338515451000.0,  631.0],
 [1338515602000.0,  631.0],
 [1338515752000.0,  631.0],
 [1338515902000.0,  628.0],
 [1338516052000.0,  628.0],
 [1338516202000.0,  628.0],
 [1338516352000.0,  628.0],
 [1338516502000.0,  628.0],
 [1338516652000.0,  628.0],
 [1338516802000.0,  647.0],
 [1338516953000.0,  647.0],
 [1338517103000.0,  647.0],
 [1338517253000.0,  647.0],
 [1338517403000.0,  647.0],
 [1338517553000.0,  647.0],
 [1338517703000.0,  638.0],
 [1338517853000.0,  638.0],
 [1338518004000.0,  638.0],
 [1338518154000.0,  638.0],
 [1338518304000.0,  638.0],
 [1338518454000.0,  638.0],
 [1338518604000.0,  630.0],
 [1338518754000.0,  630.0],
 [1338518904000.0,  630.0],
 [1338519055000.0,  630.0],
 [1338519205000.0,  630.0],
 [1338519355000.0,  630.0],
 [1338519505000.0,  624.0],
 [1338519655000.0,  624.0],
 [1338519805000.0,  624.0],
 [1338519955000.0,  624.0],
 [1338520106000.0,  624.0],
 [1338520256000.0,  624.0],
 [1338520406000.0,  625.0],
 [1338520556000.0,  625.0],
 [1338520706000.0,  625.0],
 [1338520856000.0,  625.0],
 [1338521006000.0,  625.0],
 [1338521156000.0,  625.0],
 [1338521307000.0,  630.0],
 [1338521457000.0,  630.0],
 [1338521607000.0,  630.0],
 [1338521757000.0,  630.0],
 [1338521907000.0,  630.0],
 [1338522057000.0,  630.0],
 [1338522207000.0,  634.0],
 [1338522357000.0,  634.0],
 [1338522508000.0,  634.0],
 [1338522658000.0,  634.0],
 [1338522808000.0,  634.0],
 [1338522958000.0,  634.0],
 [1338523138000.0,  624.0],
 [1338523288000.0,  624.0],
 [1338523438000.0,  624.0],
 [1338523589000.0,  624.0],
 [1338523739000.0,  624.0],
 [1338523889000.0,  624.0],
 [1338524039000.0,  606.0],
 [1338524189000.0,  606.0],
 [1338524339000.0,  606.0],
 [1338524489000.0,  606.0],
 [1338524639000.0,  606.0],
 [1338524790000.0,  606.0],
 [1338524940000.0,  610.0],
 [1338525090000.0,  610.0],
 [1338525240000.0,  610.0],
 [1338525390000.0,  610.0],
 [1338525540000.0,  610.0],
 [1338525690000.0,  610.0],
 [1338525840000.0,  607.0],
 [1338525991000.0,  607.0],
 [1338526141000.0,  607.0],
 [1338526291000.0,  607.0],
 [1338526441000.0,  607.0],
 [1338526591000.0,  607.0],
 [1338526741000.0,  598.0],
 [1338526891000.0,  598.0],
 [1338527042000.0,  598.0],
 [1338527192000.0,  598.0],
 [1338527342000.0,  598.0],
 [1338527492000.0,  598.0],
 [1338527642000.0,  598.0],
 [1338527792000.0,  598.0],
 [1338527942000.0,  598.0],
 [1338528093000.0,  598.0],
 [1338528243000.0,  598.0],
 [1338528393000.0,  598.0],
 [1338528543000.0,  584.0],
 [1338528693000.0,  584.0],
 [1338528843000.0,  584.0],
 [1338528993000.0,  584.0],
 [1338529144000.0,  584.0],
 [1338529294000.0,  584.0],
 [1338529444000.0,  587.0],
 [1338529594000.0,  587.0],
 [1338529744000.0,  587.0],
 [1338529894000.0,  587.0],
 [1338530044000.0,  587.0],
 [1338530194000.0,  587.0],
 [1338530345000.0,  590.0],
 [1338530495000.0,  590.0],
 [1338530645000.0,  590.0],
 [1338530795000.0,  590.0],
 [1338530945000.0,  590.0],
 [1338531095000.0,  590.0],
 [1338531245000.0,  583.0],
 [1338531395000.0,  583.0],
 [1338531546000.0,  583.0],
 [1338531696000.0,  583.0],
 [1338531846000.0,  583.0],
 [1338531996000.0,  583.0],
 [1338532146000.0,  577.0],
 [1338532296000.0,  577.0],
 [1338532447000.0,  577.0],
 [1338532597000.0,  577.0],
 [1338532747000.0,  577.0],
 [1338532897000.0,  577.0],
 [1338533047000.0,  570.0],
 [1338533197000.0,  570.0],
 [1338533347000.0,  570.0],
 [1338533498000.0,  570.0],
 [1338533648000.0,  570.0],
 [1338533798000.0,  570.0],
 [1338533948000.0,  570.0],
 [1338534098000.0,  570.0],
 [1338534248000.0,  570.0],
 [1338534398000.0,  570.0],
 [1338534548000.0,  570.0],
 [1338534699000.0,  570.0],
 [1338534849000.0,  559.0],
 [1338534999000.0,  559.0],
 [1338535149000.0,  559.0],
 [1338535299000.0,  559.0],
 [1338535449000.0,  559.0],
 [1338535599000.0,  559.0],
 [1338535749000.0,  557.0],
 [1338535900000.0,  557.0],
 [1338536050000.0,  557.0],
 [1338536200000.0,  557.0],
 [1338536350000.0,  557.0],
 [1338536500000.0,  557.0],
 [1338536650000.0,  555.0],
 [1338536800000.0,  555.0],
 [1338536951000.0,  555.0],
 [1338537101000.0,  555.0],
 [1338537251000.0,  555.0],
 [1338537401000.0,  555.0],
 [1338537551000.0,  552.0],
 [1338537701000.0,  552.0],
 [1338537851000.0,  552.0],
 [1338538001000.0,  552.0],
 [1338538152000.0,  552.0],
 [1338538302000.0,  552.0],
 [1338538452000.0,  547.0],
 [1338538602000.0,  547.0],
 [1338538752000.0,  547.0],
 [1338538902000.0,  547.0],
 [1338539052000.0,  547.0],
 [1338539203000.0,  547.0],
 [1338539353000.0,  545.0],
 [1338539503000.0,  545.0],
 [1338539653000.0,  545.0],
 [1338539803000.0,  545.0],
 [1338539953000.0,  545.0],
 [1338540103000.0,  545.0],
 [1338540253000.0,  550.0],
 [1338540404000.0,  550.0],
 [1338540554000.0,  550.0],
 [1338540704000.0,  550.0],
 [1338540854000.0,  550.0],
 [1338541004000.0,  550.0],
 [1338541154000.0,  552.0],
 [1338541304000.0,  552.0],
 [1338541455000.0,  552.0],
 [1338541605000.0,  552.0],
 [1338541755000.0,  552.0],
 [1338541905000.0,  552.0],
 [1338542055000.0,  549.0],
 [1338542205000.0,  549.0],
 [1338542355000.0,  549.0],
 [1338542505000.0,  549.0],
 [1338542656000.0,  549.0],
 [1338542806000.0,  549.0],
 [1338542956000.0,  549.0],
 [1338543106000.0,  549.0],
 [1338543257000.0,  549.0],
 [1338543407000.0,  549.0],
 [1338543557000.0,  549.0],
 [1338543707000.0,  549.0],
 [1338543857000.0,  542.0],
 [1338544007000.0,  542.0],
 [1338544157000.0,  542.0],
 [1338544307000.0,  542.0],
 [1338544457000.0,  542.0],
 [1338544607000.0,  542.0],
 [1338544757000.0,  549.0],
 [1338544908000.0,  549.0],
 [1338545058000.0,  549.0],
 [1338545208000.0,  549.0],
 [1338545358000.0,  549.0],
 [1338545508000.0,  549.0],
 [1338545628000.0,  550.0],
 [1338545778000.0,  550.0],
 [1338545928000.0,  550.0],
 [1338546079000.0,  550.0],
 [1338546229000.0,  550.0],
 [1338546379000.0,  550.0],
 [1338546529000.0,  550.0],
 [1338546679000.0,  550.0],
 [1338546829000.0,  550.0],
 [1338546979000.0,  550.0],
 [1338547129000.0,  550.0],
 [1338547279000.0,  550.0],
 [1338547429000.0,  545.0],
 [1338547580000.0,  545.0],
 [1338547730000.0,  545.0],
 [1338547880000.0,  545.0],
 [1338548029000.0,  545.0],
 [1338548180000.0,  545.0],
 [1338548331000.0,  549.0],
 [1338548481000.0,  549.0],
 [1338548631000.0,  549.0],
 [1338548781000.0,  549.0],
 [1338548931000.0,  549.0],
 [1338549081000.0,  549.0],
 [1338549231000.0,  550.0],
 [1338549381000.0,  550.0],
 [1338549532000.0,  550.0],
 [1338549682000.0,  550.0],
 [1338549832000.0,  550.0],
 [1338549982000.0,  550.0],
 [1338550132000.0,  556.0],
 [1338550282000.0,  556.0],
 [1338550432000.0,  556.0],
 [1338550582000.0,  556.0],
 [1338550733000.0,  556.0],
 [1338550883000.0,  556.0],
 [1338551033000.0,  553.0],
 [1338551183000.0,  553.0],
 [1338551333000.0,  553.0],
 [1338551483000.0,  553.0],
 [1338551634000.0,  553.0],
 [1338551784000.0,  553.0],
 [1338551934000.0,  548.0],
 [1338552084000.0,  548.0],
 [1338552234000.0,  548.0],
 [1338552384000.0,  548.0],
 [1338552534000.0,  548.0],
 [1338552685000.0,  548.0],
 [1338552835000.0,  549.0],
 [1338552985000.0,  549.0],
 [1338553135000.0,  549.0],
 [1338553285000.0,  549.0],
 [1338553435000.0,  549.0],
 [1338553585000.0,  549.0],
 [1338553735000.0,  550.0],
 [1338553886000.0,  550.0],
 [1338554036000.0,  550.0],
 [1338554186000.0,  550.0],
 [1338554336000.0,  550.0],
 [1338554486000.0,  550.0],
 [1338554636000.0,  558.0],
 [1338554786000.0,  558.0],
 [1338554937000.0,  558.0],
 [1338555087000.0,  558.0],
 [1338555237000.0,  558.0],
 [1338555387000.0,  558.0],
 [1338555537000.0,  551.0],
 [1338555687000.0,  551.0],
 [1338555837000.0,  551.0],
 [1338555987000.0,  551.0],
 [1338556138000.0,  551.0],
 [1338556288000.0,  551.0],
 [1338556438000.0,  551.0],
 [1338556588000.0,  551.0],
 [1338556738000.0,  551.0],
 [1338556888000.0,  551.0],
 [1338557038000.0,  551.0],
 [1338557189000.0,  551.0],
 [1338557339000.0,  565.0],
 [1338557489000.0,  565.0],
 [1338557639000.0,  565.0],
 [1338557789000.0,  565.0],
 [1338557939000.0,  565.0],
 [1338558089000.0,  565.0],
 [1338558239000.0,  570.0],
 [1338558390000.0,  570.0],
 [1338558540000.0,  570.0],
 [1338558690000.0,  570.0],
 [1338558840000.0,  570.0],
 [1338558990000.0,  570.0],
 [1338559140000.0,  580.0],
 [1338559290000.0,  580.0],
 [1338559440000.0,  580.0],
 [1338559591000.0,  580.0],
 [1338559741000.0,  580.0],
 [1338559891000.0,  580.0],
 [1338560041000.0,  596.0],
 [1338560191000.0,  596.0],
 [1338560341000.0,  596.0],
 [1338560491000.0,  596.0],
 [1338560642000.0,  596.0],
 [1338560792000.0,  596.0],
 [1338560942000.0,  587.0],
 [1338561092000.0,  587.0],
 [1338561242000.0,  587.0],
 [1338561392000.0,  587.0],
 [1338561543000.0,  587.0],
 [1338561693000.0,  587.0],
 [1338561843000.0,  585.0],
 [1338561993000.0,  585.0],
 [1338562143000.0,  585.0],
 [1338562293000.0,  585.0],
 [1338562443000.0,  585.0],
 [1338562593000.0,  585.0],
 [1338562744000.0,  594.0],
 [1338562894000.0,  594.0],
 [1338563044000.0,  594.0],
 [1338563194000.0,  594.0],
 [1338563344000.0,  594.0],
 [1338563494000.0,  594.0],
 [1338563644000.0,  616.0],
 [1338563794000.0,  616.0],
 [1338563945000.0,  616.0],
 [1338564095000.0,  616.0],
 [1338564245000.0,  616.0],
 [1338564395000.0,  616.0],
 [1338564545000.0,  618.0],
 [1338564695000.0,  618.0],
 [1338564845000.0,  618.0],
 [1338564996000.0,  618.0],
 [1338565146000.0,  618.0],
 [1338565296000.0,  618.0],
 [1338565446000.0,  622.0],
 [1338565596000.0,  622.0],
 [1338565746000.0,  622.0],
 [1338565896000.0,  622.0],
 [1338566046000.0,  622.0],
 [1338566197000.0,  622.0],
 [1338566347000.0,  642.0],
 [1338566497000.0,  642.0],
 [1338566647000.0,  642.0],
 [1338566797000.0,  642.0],
 [1338566947000.0,  642.0],
 [1338567097000.0,  642.0],
 [1338567248000.0,  653.0],
 [1338567398000.0,  653.0],
 [1338567548000.0,  653.0],
 [1338567698000.0,  653.0],
 [1338567848000.0,  653.0],
 [1338567998000.0,  653.0],
 [1338568148000.0,  668.0],
 [1338568299000.0,  668.0],
 [1338568449000.0,  668.0],
 [1338568599000.0,  668.0],
 [1338568749000.0,  668.0],
 [1338568899000.0,  668.0],
 [1338569049000.0,  664.0],
 [1338569199000.0,  664.0],
 [1338569349000.0,  664.0],
 [1338569500000.0,  664.0],
 [1338569650000.0,  664.0],
 [1338569800000.0,  664.0],
 [1338569950000.0,  664.0],
 [1338570100000.0,  664.0],
 [1338570250000.0,  664.0],
 [1338570400000.0,  664.0],
 [1338570550000.0,  664.0],
 [1338570701000.0,  664.0],
 [1338570851000.0,  671.0],
 [1338571001000.0,  671.0],
 [1338571151000.0,  671.0],
 [1338571301000.0,  671.0],
 [1338571451000.0,  671.0],
 [1338571601000.0,  671.0],
 [1338571751000.0,  665.0],
 [1338571902000.0,  665.0],
 [1338572052000.0,  665.0],
 [1338572202000.0,  665.0],
 [1338572352000.0,  665.0],
 [1338572502000.0,  665.0],
 [1338572652000.0,  685.0],
 [1338572802000.0,  685.0],
 [1338572953000.0,  685.0],
 [1338573103000.0,  685.0],
 [1338573253000.0,  685.0],
 [1338573403000.0,  685.0],
 [1338573553000.0,  684.0],
 [1338573703000.0,  684.0],
 [1338573853000.0,  684.0],
 [1338574003000.0,  684.0],
 [1338574154000.0,  684.0],
 [1338574304000.0,  684.0],
 [1338574454000.0,  679.0],
 [1338574604000.0,  679.0],
 [1338574754000.0,  679.0],
 [1338574904000.0,  679.0],
 [1338575054000.0,  679.0],
 [1338575204000.0,  679.0],
 [1338575355000.0,  689.0],
 [1338575505000.0,  689.0],
 [1338575655000.0,  689.0],
 [1338575805000.0,  689.0],
 [1338575955000.0,  689.0],
 [1338576105000.0,  689.0],
 [1338576255000.0,  682.0],
 [1338576406000.0,  682.0],
 [1338576556000.0,  682.0],
 [1338576706000.0,  682.0],
 [1338576856000.0,  682.0],
 [1338577007000.0,  682.0],
 [1338577157000.0,  696.0],
 [1338577307000.0,  696.0],
 [1338577457000.0,  696.0],
 [1338577607000.0,  696.0],
 [1338577757000.0,  696.0]
]}]